1         20240001  2093.00   04052024 04052024 1        
2         20240002  597.00    04052024 04052024 1        
3         20240003  1615.50   04052024 04052024 1        
4         20240004  1816.50   04052024 05052024 1        
5         20240005  1217.50   04052024 05052024 1        
6         20240006  1814.50   04052024 05052024 1        
7         20240007  1416.50   04052024 04052024 1        
8         20240008  189.05    04052024 05052024 1        
9         20240010  597.00    04052024 00000000 0        
10        20240009  995.00    04052024 00000000 0        
