  404244 23062024    06102024          8     2      808
  971440 21122024    25122024         44     3      489
  556234 12092024    05122024         57     2      639
  119678 02052024    24052024         52     4      739
  409414 05042024    13062024         13     2      578
  808229 28062024    11072024          8     3      157
  607473 03042024    22062024         58     2      818
  421968 02042024    07062024         76     4      784
  800863 21012024    21112024         61     4       30
  954209 02092024    09122024         72     4      267
  954826 26052024    26102024         19     2      164
  374565 09042024    20102024         59     4      860
  545446 10102024    28102024         63     4      162
  291261 20042024    15072024         47     2      604
  119610 16052024    23092024         94     1       48
  803213 01052024    05102024         49     2      684
  832034 10012024    08122024         54     2      843
  582203 06072024    09112024         46     1      680
  825871 07012024    03032024         43     3      305
  372201 25052024    12092024         43     3      918
  913834 05032024    07122024         13     3      809
  454008 28012024    09022024         93     3      281
  760748 17062024    13092024         98     2      221
  429238 11022024    04122024         74     3      590
  984986 10032024    07072024         51     2       68
  287555 25122024    29122024         34     1       80
  546088 21022024    31122024         48     1      442
  654902 04082024    02092024         82     2       62
  856608 30102024    22112024         94     2      974
  660273 26032024    07112024         30     3      185
  226095 09112024    24112024          8     1      398
  331813 20122024    23122024         42     4      315
  893680 19032024    22062024         89     4      900
  253822 13072024    13122024         17     3      198
  611592 01112024    07122024         90     3      430
  238710 27112024    26122024        100     2      973
  991137 16082024    19122024         41     1      822
  246574 22052024    27062024         45     1      564
  935504 21072024    02092024         41     2      951
  736560 03062024    25062024         99     1      355
  918190 05072024    14082024         57     1      570
  271734 05102024    29112024         51     4      763
  328016 22052024    19122024         74     2      951
  238994 22122024    25122024         40     1      971
  714733 29092024    31122024         39     2      583
  920889 04012024    07122024         84     1      884
  884681 07102024    04112024         63     2      478
  115039 15012024    21012024         96     4      131
  976754 08122024    26122024         22     3      950
  465254 03032024    21032024         86     2      489
  959563 03052024    31102024         53     3      569
  341891 23022024    30082024         18     2      207
  209663 02082024    06102024         86     3      312
  799505 02062024    10102024         30     2      269
  272089 20032024    11122024          3     2      457
  900872 14022024    19062024         55     1      713
  990947 09042024    04112024         98     3      609
  417609 27032024    07122024          3     2       67
  360458 04012024    21082024          8     2      897
  888394 20052024    16092024         12     3      494
  325456 19012024    01052024         22     3      648
  503910 25012024    15102024         32     2      600
  954007 20112024    16122024         27     3       60
  485557 05012024    02062024         30     1      881
  991473 21012024    08062024         99     2      643
  651619 17092024    09102024         64     2      718
  572896 24072024    28122024         81     2      730
  156261 26042024    26112024         58     2      742
  677001 09042024    28102024         91     4      271
  708813 29092024    28122024         33     3      667
  935202 18072024    12102024         67     2      271
  263865 15112024    19112024         10     1      539
  315158 07112024    18112024         56     4      320
  186172 15092024    08112024         90     3      445
  725786 20112024    13122024         26     1      393
  623435 27122024    30122024         78     3      356
  820993 31082024    06122024         89     3      790
  313828 06102024    09122024         81     1      265
  354257 21042024    05092024         32     2      354
  170919 07102024    29102024         32     1      711
  172516 17072024    18072024         26     4      684
  276969 05052024    06122024         97     4      964
  644434 14022024    15042024         75     3      649
  220168 09112024    24112024         43     2      787
  746099 28052024    10062024         84     4      129
  464167 18052024    27122024         16     1      305
  335985 02012024    01072024         39     2      157
  824211 25012024    27122024         89     3      825
  757228 02022024    27032024         80     4      840
  651283 18062024    02072024         11     2      683
  131845 16112024    28122024         54     4      412
  437048 23092024    24112024         69     4      960
  404308 12042024    15122024         17     1       17
  209873 14072024    10122024         47     1      328
  674626 15042024    22072024         57     4      515
  460538 07092024    12112024         95     3      552
  660851 04102024    28112024         34     1      487
  535056 21072024    07122024         84     4      576
  181362 30012024    08042024         83     1      965
  368353 25082024    24122024         42     4      826
404244    23062024  06102024  8         2         808      
971440    21122024  25122024  44        3         489      
556234    12092024  05122024  57        2         639      
119678    02052024  24052024  52        4         739      
409414    05042024  13062024  13        2         578      
808229    28062024  11072024  8         3         157      
607473    03042024  22062024  58        2         818      
421968    02042024  07062024  76        4         784      
800863    21012024  21112024  61        4         30       
954209    02092024  09122024  72        4         267      
954826    26052024  26102024  19        2         164      
374565    09042024  20102024  59        4         860      
545446    10102024  28102024  63        4         162      
291261    20042024  15072024  47        2         604      
119610    16052024  23092024  94        1         48       
803213    01052024  05102024  49        2         684      
832034    10012024  08122024  54        2         843      
582203    06072024  09112024  46        1         680      
825871    07012024  03032024  43        3         305      
372201    25052024  12092024  43        3         918      
913834    05032024  07122024  13        3         809      
454008    28012024  09022024  93        3         281      
760748    17062024  13092024  98        2         221      
429238    11022024  04122024  74        3         590      
984986    10032024  07072024  51        2         68       
287555    25122024  29122024  34        1         80       
546088    21022024  31122024  48        1         442      
654902    04082024  02092024  82        2         62       
856608    30102024  22112024  94        2         974      
660273    26032024  07112024  30        3         185      
226095    09112024  24112024  8         1         398      
331813    20122024  23122024  42        4         315      
893680    19032024  22062024  89        4         900      
253822    13072024  13122024  17        3         198      
611592    01112024  07122024  90        3         430      
238710    27112024  26122024  100       2         973      
991137    16082024  19122024  41        1         822      
246574    22052024  27062024  45        1         564      
935504    21072024  02092024  41        2         951      
736560    03062024  25062024  99        1         355      
918190    05072024  14082024  57        1         570      
271734    05102024  29112024  51        4         763      
328016    22052024  19122024  74        2         951      
238994    22122024  25122024  40        1         971      
714733    29092024  31122024  39        2         583      
920889    04012024  07122024  84        1         884      
884681    07102024  04112024  63        2         478      
115039    15012024  21012024  96        4         131      
976754    08122024  26122024  22        3         950      
465254    03032024  21032024  86        2         489      
959563    03052024  31102024  53        3         569      
341891    23022024  30082024  18        2         207      
209663    02082024  06102024  86        3         312      
799505    02062024  10102024  30        2         269      
272089    20032024  11122024  3         2         457      
900872    14022024  19062024  55        1         713      
990947    09042024  04112024  98        3         609      
417609    27032024  07122024  3         2         67       
360458    04012024  21082024  8         2         897      
888394    20052024  16092024  12        3         494      
325456    19012024  01052024  22        3         648      
503910    25012024  15102024  32        2         600      
954007    20112024  16122024  27        3         60       
485557    05012024  02062024  30        1         881      
991473    21012024  08062024  99        2         643      
651619    17092024  09102024  64        2         718      
572896    24072024  28122024  81        2         730      
156261    26042024  26112024  58        2         742      
677001    09042024  28102024  91        4         271      
708813    29092024  28122024  33        3         667      
935202    18072024  12102024  67        2         271      
263865    15112024  19112024  10        1         539      
315158    07112024  18112024  56        4         320      
186172    15092024  08112024  90        3         445      
725786    20112024  13122024  26        1         393      
623435    27122024  30122024  78        3         356      
820993    31082024  06122024  89        3         790      
313828    06102024  09122024  81        1         265      
354257    21042024  05092024  32        2         354      
170919    07102024  29102024  32        1         711      
172516    17072024  18072024  26        4         684      
276969    05052024  06122024  97        4         964      
644434    14022024  15042024  75        3         649      
220168    09112024  24112024  43        2         787      
746099    28052024  10062024  84        4         129      
464167    18052024  27122024  16        1         305      
335985    02012024  01072024  39        2         157      
824211    25012024  27122024  89        3         825      
757228    02022024  27032024  80        4         840      
651283    18062024  02072024  11        2         683      
131845    16112024  28122024  54        4         412      
437048    23092024  24112024  69        4         960      
404308    12042024  15122024  17        1         17       
209873    14072024  10122024  47        1         328      
674626    15042024  22072024  57        4         515      
460538    07092024  12112024  95        3         552      
660851    04102024  28112024  34        1         487      
535056    21072024  07122024  84        4         576      
181362    30012024  08042024  83        1         965      
368353    25082024  24122024  42        4         826      
368354    23042024  25042024  103       3         3        
404244    23062024  06102024  8         2         808      
971440    21122024  25122024  44        3         489      
556234    12092024  05122024  57        2         639      
119678    02052024  24052024  52        4         739      
409414    05042024  13062024  13        2         578      
808229    28062024  11072024  8         3         157      
607473    03042024  22062024  58        2         818      
421968    02042024  07062024  76        4         784      
800863    21012024  21112024  61        4         30       
954209    02092024  09122024  72        4         267      
954826    26052024  26102024  19        2         164      
374565    09042024  20102024  59        4         860      
545446    10102024  28102024  63        4         162      
291261    20042024  15072024  47        2         604      
119610    16052024  23092024  94        1         48       
803213    01052024  05102024  49        2         684      
832034    10012024  08122024  54        2         843      
582203    06072024  09112024  46        1         680      
825871    07012024  03032024  43        3         305      
372201    25052024  12092024  43        3         918      
913834    05032024  07122024  13        3         809      
454008    28012024  09022024  93        3         281      
760748    17062024  13092024  98        2         221      
429238    11022024  04122024  74        3         590      
984986    10032024  07072024  51        2         68       
287555    25122024  29122024  34        1         80       
546088    21022024  31122024  48        1         442      
654902    04082024  02092024  82        2         62       
856608    30102024  22112024  94        2         974      
660273    26032024  07112024  30        3         185      
226095    09112024  24112024  8         1         398      
331813    20122024  23122024  42        4         315      
893680    19032024  22062024  89        4         900      
253822    13072024  13122024  17        3         198      
611592    01112024  07122024  90        3         430      
238710    27112024  26122024  100       2         973      
991137    16082024  19122024  41        1         822      
246574    22052024  27062024  45        1         564      
935504    21072024  02092024  41        2         951      
736560    03062024  25062024  99        1         355      
918190    05072024  14082024  57        1         570      
271734    05102024  29112024  51        4         763      
328016    22052024  19122024  74        2         951      
238994    22122024  25122024  40        1         971      
714733    29092024  31122024  39        2         583      
920889    04012024  07122024  84        1         884      
884681    07102024  04112024  63        2         478      
115039    15012024  21012024  96        4         131      
976754    08122024  26122024  22        3         950      
465254    03032024  21032024  86        2         489      
959563    03052024  31102024  53        3         569      
341891    23022024  30082024  18        2         207      
209663    02082024  06102024  86        3         312      
799505    02062024  10102024  30        2         269      
272089    20032024  11122024  3         2         457      
900872    14022024  19062024  55        1         713      
990947    09042024  04112024  98        3         609      
417609    27032024  07122024  3         2         67       
360458    04012024  21082024  8         2         897      
888394    20052024  16092024  12        3         494      
325456    19012024  01052024  22        3         648      
503910    25012024  15102024  32        2         600      
954007    20112024  16122024  27        3         60       
485557    05012024  02062024  30        1         881      
991473    21012024  08062024  99        2         643      
651619    17092024  09102024  64        2         718      
572896    24072024  28122024  81        2         730      
156261    26042024  26112024  58        2         742      
677001    09042024  28102024  91        4         271      
708813    29092024  28122024  33        3         667      
935202    18072024  12102024  67        2         271      
263865    15112024  19112024  10        1         539      
315158    07112024  18112024  56        4         320      
186172    15092024  08112024  90        3         445      
725786    20112024  13122024  26        1         393      
623435    27122024  30122024  78        3         356      
820993    31082024  06122024  89        3         790      
313828    06102024  09122024  81        1         265      
354257    21042024  05092024  32        2         354      
170919    07102024  29102024  32        1         711      
172516    17072024  18072024  26        4         684      
276969    05052024  06122024  97        4         964      
644434    14022024  15042024  75        3         649      
220168    09112024  24112024  43        2         787      
746099    28052024  10062024  84        4         129      
464167    18052024  27122024  16        1         305      
335985    02012024  01072024  39        2         157      
824211    25012024  27122024  89        3         825      
757228    02022024  27032024  80        4         840      
651283    18062024  02072024  11        2         683      
131845    16112024  28122024  54        4         412      
437048    23092024  24112024  69        4         960      
404308    12042024  15122024  17        1         17       
209873    14072024  10122024  47        1         328      
674626    15042024  22072024  57        4         515      
460538    07092024  12112024  95        3         552      
660851    04102024  28112024  34        1         487      
535056    21072024  07122024  84        4         576      
181362    30012024  08042024  83        1         965      
368353    25082024  24122024  42        4         826      
368355    11042024  23042024  115       1         2        
