20240001  102       7        
20240002  101       3        
20240003  101       5        
20240003  201       5        
20240003  202       5        
20240003  203       5        
20240003  301       4        
20240003  302       2        
20240003  303       1        
20240003  304       1        
20240003  305       3        
20240003  401       1        
20240004  102       4        
20240005  101       3        
20240006  101       6        
20240007  101       4        
20240004  201       5        
20240004  202       5        
20240004  203       5        
20240004  301       4        
20240004  302       2        
20240004  303       1        
20240004  304       1        
20240004  305       3        
20240004  401       1        
20240005  201       5        
20240005  202       5        
20240005  203       5        
20240005  301       4        
20240005  302       2        
20240005  303       1        
20240005  304       1        
20240005  305       3        
20240005  401       1        
20240006  201       5        
20240006  202       5        
20240006  203       5        
20240006  301       4        
20240006  302       2        
20240006  303       1        
20240006  304       1        
20240006  305       3        
20240006  401       1        
20240007  201       5        
20240007  202       5        
20240007  203       5        
20240007  301       4        
20240007  302       2        
20240007  303       1        
20240007  304       1        
20240007  305       3        
20240007  401       1        
20240008  101       1        
20240009  101       5        
20240010  101       3        
20240011  103       3        
20240011  201       3        
20240011  202       3        
20240011  203       3        
