20240001  04052024  11052024  401       4         1        
20240002  04052024  07052024  101       2         2        
20240003  15032024  20032024  103       3         3        
20240004  05102024  10102024  501       2         10       
20240005  15072024  18072024  103       3         12       
20240007  10092024  14092024  106       1         15       
20240008  05062024  06062024  101       1         1        
20240009  22062024  27062024  105       2         4        
20240010  17072024  20072024  109       2         14       
20240011  22082024  25082024  503       4         1        
